     = Unnamed: 0         Pr(δ(x) = j, θ = j | x)
0  NaN        j=1                             NaN
1  NaN         K∑                             NaN
2    =        NaN  Pr(θ = j | x) Pr(δ(x) = j | x)   K    Gap    Pmc Silhouette Stability (ARI) Prediction Strength
0  1  0.403  0.000          —               —                   —
1  2  0.824  0.002      0.632           0.995               1.000
2  3  1.058  0.062      0.522           0.961               0.842
3  4  0.901  0.101      0.417           0.758               0.618
4  5  0.808  0.126      0.353           0.723               0.519
5  6  0.722  0.137      0.353           0.630               0.679
6  7  0.740  0.158      0.348           0.619               0.399   K    Gap    Pmc Silhouette Stability (ARI) Prediction Strength
0  1  0.562  0.000          —               —                   —
1  2  1.115  0.014      0.583           0.957               0.902
2  3  1.208  0.025      0.595           0.947               0.897
3  4  0.964  0.076      0.468           0.757               0.458
4  5  0.890  0.124      0.372           0.679               0.470
5  6  0.886  0.147      0.385           0.646               0.362
6  7  0.884  0.138      0.390           0.641               0.333
7  8  0.804  0.148      0.369           0.627               0.383   K    Gap    Pmc Silhouette Stability (ARI) Prediction Strength
0  1  0.545  0.000          —               —                   —
1  2  1.133  0.012      0.581           0.909               0.942
2  3  1.325  0.024      0.595           0.943               0.899
3  4  1.124  0.063      0.483           0.757               0.544
4  5  1.051  0.099      0.470           0.702               0.464
5  6  1.024  0.141      0.382           0.652               0.413
6  7  1.013  0.132      0.387           0.656               0.366
7  8  0.994  0.128      0.381           0.645               0.345   p      Pmc  Elapsed (s)     P̂mc  σ(P̂mc)  Elapsed (s).1
0  1  0.13144        0.011  0.13143  0.00056          1.010
1  2  0.13144        0.164  0.13141  0.00041          0.885
2  3  0.13144        3.163  0.13133  0.00042          0.994
3  4  0.13144       23.061  0.13132  0.00058          0.854
4  5  0.13145       23.689  0.13140  0.00051          0.954